011110000000000000000000000000000
000010000000000000000000000000000
000010000000000000000000001110000
000010000000000000000000010000100
000010000000000000000000010000100
000011110111110000000011000000000
000000000000010000000000000000100
000000000000010000000000000000000
000000000000010000000100000000000
000000000000010000000100000000100
000000000000010000000100000000000
000000000000000000000100000000000
000000000000010000000000000000100
000000000000010000000000000000000
000000000000010000000100000111000
000000000000010000000100100000000
000000000000000000100000000000000
000000000000000001000000000000000
000000000000010001000000010000000
000000000000010001000000000010000
000000000000010000000000000000000
000000000000010001000000000000000
000000000000010000000000000100000
000000000000010000000000100000000
000011001111100001000000000000000
001000000000000001000000000000000
001000000000000001000000000000000
001000000111111100000000000000000
001000001000000000000000000000000
000000001000000000000000000000000
000111100000000000000000000000000
000000000000000000000000000000000
000000000000000000000000000000000